osu file format v14

[General]
AudioFilename: audio.mp3
AudioLeadIn: 0
PreviewTime: -1
Countdown: 0
SampleSet: Soft
StackLeniency: 0.3
Mode: 0
LetterboxInBreaks: 0
WidescreenStoryboard: 1

[Editor]
DistanceSpacing: 1.4
BeatDivisor: 4
GridSize: 16
TimelineZoom: 2.999999

[Metadata]
Title:Killing Time (and Space)
TitleUnicode:Killing Time (and Space)
Artist:Nekrogoblikon
ArtistUnicode:Nekrogoblikon
Creator:BronySE
Version:Time Loop
Source:
Tags:
BeatmapID:3182970
BeatmapSetID:1558182

[Difficulty]
HPDrainRate:4.8
CircleSize:3.7
OverallDifficulty:8
ApproachRate:8.5
SliderMultiplier:1.4
SliderTickRate:1

[Events]
//Background and Video events
0,0,"goblinbackground.jpg",0,0
//Break Periods
2,162436,172261
//Storyboard Layer 0 (Background)
//Storyboard Layer 1 (Fail)
//Storyboard Layer 2 (Pass)
//Storyboard Layer 3 (Foreground)
//Storyboard Layer 4 (Overlay)
//Storyboard Sound Samples

[TimingPoints]
198,382.165605095541,4,2,0,100,1,0
3255,-90.9090909090909,4,2,0,100,0,0
9752,-83.3333333333333,4,2,0,100,0,0
12427,-66.6666666666667,4,2,0,70,0,0
36885,-55.5555555555556,4,2,0,70,0,0
37029,-55.5555555555556,4,2,0,5,0,0
37076,-55.5555555555556,4,2,0,70,0,0
37602,-55.5555555555556,4,2,0,5,0,0
37650,-55.5555555555556,4,2,0,70,0,0
38366,-55.5555555555556,4,2,0,5,0,0
38414,-55.5555555555556,4,2,0,70,0,0
38557,-55.5555555555556,4,2,0,5,0,0
38605,-55.5555555555556,4,2,0,70,0,0
38940,-55.5555555555556,4,2,0,5,0,0
38987,-55.5555555555556,4,2,0,70,0,0
40086,-55.5555555555556,4,2,0,5,0,0
40134,-55.5555555555556,4,2,0,70,0,0
40468,-55.5555555555556,4,2,0,5,0,0
40516,-55.5555555555556,4,2,0,70,0,0
40850,-55.5555555555556,4,2,0,5,0,0
40898,-55.5555555555556,4,2,0,70,0,0
41615,-55.5555555555556,4,2,0,5,0,0
41662,-55.5555555555556,4,2,0,70,0,0
41997,-55.5555555555556,4,2,0,5,0,0
42045,-55.5555555555556,4,2,0,70,0,0
43143,-55.5555555555556,4,2,0,5,0,0
43191,-55.5555555555556,4,2,0,70,0,0
43717,-55.5555555555556,4,2,0,5,0,0
43764,-55.5555555555556,4,2,0,70,0,0
44481,-55.5555555555556,4,2,0,5,0,0
44529,-55.5555555555556,4,2,0,70,0,0
44672,-55.5555555555556,4,2,0,5,0,0
44720,-55.5555555555556,4,2,0,70,0,0
45054,-55.5555555555556,4,2,0,5,0,0
45102,-55.5555555555556,4,2,0,70,0,0
46010,-55.5555555555556,4,2,0,5,0,0
46057,-55.5555555555556,4,2,0,70,0,0
50261,-133.333333333333,4,2,0,70,0,0
50643,-55.5555555555556,4,2,0,70,0,0
55803,-133.333333333333,4,2,0,70,0,0
55994,-55.5555555555556,4,2,0,70,0,0
63828,-111.111111111111,4,2,0,70,0,0
64401,-55.5555555555556,4,2,0,70,0,0
65357,-111.111111111111,4,2,0,70,0,0
65930,-55.5555555555556,4,2,0,70,0,0
66885,-111.111111111111,4,2,0,70,0,0
67459,-55.5555555555555,4,2,0,70,0,0
68987,-66.6666666666667,4,2,0,70,0,0
93446,-55.5555555555556,4,2,0,70,0,0
93589,-55.5555555555556,4,2,0,5,0,0
93637,-55.5555555555556,4,2,0,70,0,0
93780,-55.5555555555556,4,2,0,5,0,0
93828,-55.5555555555556,4,2,0,70,0,0
94162,-55.5555555555556,4,2,0,5,0,0
94210,-55.5555555555556,4,2,0,70,0,0
94927,-55.5555555555556,4,2,0,5,0,0
94975,-55.5555555555556,4,2,0,70,0,0
95118,-55.5555555555556,4,2,0,5,0,0
95166,-55.5555555555556,4,2,0,70,0,0
95500,-55.5555555555556,4,2,0,5,0,0
95548,-55.5555555555556,4,2,0,70,0,0
96264,-55.5555555555556,4,2,0,5,0,0
96312,-55.5555555555556,4,2,0,70,0,0
96647,-55.5555555555556,4,2,0,5,0,0
96694,-55.5555555555556,4,2,0,70,0,0
97029,-55.5555555555556,4,2,0,5,0,0
97076,-55.5555555555556,4,2,0,70,0,0
97411,-55.5555555555556,4,2,0,5,0,0
97459,-55.5555555555556,4,2,0,70,0,0
98175,-55.5555555555556,4,2,0,5,0,0
98223,-55.5555555555556,4,2,0,70,0,0
99704,-55.5555555555556,4,2,0,5,0,0
99752,-55.5555555555556,4,2,0,70,0,0
100277,-55.5555555555556,4,2,0,5,0,0
100325,-55.5555555555556,4,2,0,70,0,0
101233,-55.5555555555556,4,2,0,5,0,0
101280,-55.5555555555556,4,2,0,70,0,0
101615,-55.5555555555556,4,2,0,5,0,0
101662,-55.5555555555556,4,2,0,70,0,0
102761,-55.5555555555556,4,2,0,5,0,0
102809,-55.5555555555556,4,2,0,70,0,0
106822,-133.333333333333,4,2,0,70,0,0
107204,-55.5555555555556,4,2,0,70,0,0
119433,-66.6666666666667,4,2,0,70,0,0
125357,-133.333333333333,4,2,0,70,0,0
125548,-66.6666666666667,4,2,0,70,0,0
131662,-55.5555555555556,4,2,0,70,0,0
132618,-111.111111111111,4,2,0,70,0,0
133191,-55.5555555555556,4,2,0,70,0,0
134147,-111.111111111111,4,2,0,70,0,0
134720,-55.5555555555556,4,2,0,70,0,0
135675,-111.111111111111,4,2,0,70,0,0
136248,-222.222222222221,4,2,0,70,0,0
137395,-83.3333333333333,4,2,0,70,0,0
137777,-83.3333333333333,4,2,0,85,0,0
138971,-83.3333333333333,4,2,0,5,0,0
139019,-83.3333333333333,4,2,0,85,0,0
139067,-83.3333333333333,4,2,0,5,0,0
139115,-83.3333333333333,4,2,0,85,0,0
139162,-83.3333333333333,4,2,0,5,0,0
139210,-83.3333333333333,4,2,0,85,0,0
139258,-83.3333333333333,4,2,0,5,0,0
139306,-83.3333333333333,4,2,0,85,0,0
140500,-83.3333333333333,4,2,0,5,0,0
140548,-83.3333333333333,4,2,0,85,0,0
140596,-83.3333333333333,4,2,0,5,0,0
140643,-83.3333333333333,4,2,0,85,0,0
140691,-83.3333333333333,4,2,0,5,0,0
140739,-83.3333333333333,4,2,0,85,0,0
140787,-83.3333333333333,4,2,0,5,0,0
140834,-83.3333333333333,4,2,0,85,0,0
141838,-83.3333333333333,4,2,0,5,0,0
141885,-83.3333333333333,4,2,0,85,0,0
141933,-83.3333333333333,4,2,0,5,0,0
141981,-83.3333333333333,4,2,0,85,0,0
142029,-83.3333333333333,4,2,0,5,0,0
142076,-83.3333333333333,4,2,0,85,0,0
142124,-83.3333333333333,4,2,0,5,0,0
142172,-83.3333333333333,4,2,0,85,0,0
142220,-83.3333333333333,4,2,0,5,0,0
142268,-83.3333333333333,4,2,0,85,0,0
142315,-83.3333333333333,4,2,0,5,0,0
142363,-83.3333333333333,4,2,0,85,0,0
142793,-83.3333333333333,4,2,0,5,0,0
142841,-83.3333333333333,4,2,0,85,0,0
142889,-83.3333333333333,4,2,0,5,0,0
142936,-83.3333333333333,4,2,0,85,0,0
142984,-83.3333333333333,4,2,0,5,0,0
143032,-83.3333333333333,4,2,0,85,0,0
143080,-83.3333333333333,4,2,0,5,0,0
143127,-83.3333333333333,4,2,0,85,0,0
143557,-83.3333333333333,4,2,0,5,0,0
143605,-83.3333333333333,4,2,0,85,0,0
143653,-83.3333333333333,4,2,0,5,0,0
143701,-83.3333333333333,4,2,0,85,0,0
143748,-83.3333333333333,4,2,0,5,0,0
143796,-83.3333333333333,4,2,0,85,0,0
143844,-83.3333333333333,4,2,0,5,0,0
143892,-83.3333333333333,4,2,0,85,0,0
145086,-83.3333333333333,4,2,0,5,0,0
145134,-83.3333333333333,4,2,0,85,0,0
145182,-83.3333333333333,4,2,0,5,0,0
145229,-83.3333333333333,4,2,0,85,0,0
145277,-83.3333333333333,4,2,0,5,0,0
145325,-83.3333333333333,4,2,0,85,0,0
145373,-83.3333333333333,4,2,0,5,0,0
145420,-83.3333333333333,4,2,0,85,0,0
146615,-83.3333333333333,4,2,0,5,0,0
146662,-83.3333333333333,4,2,0,85,0,0
146710,-83.3333333333333,4,2,0,5,0,0
146758,-83.3333333333333,4,2,0,85,0,0
146806,-83.3333333333333,4,2,0,5,0,0
146854,-83.3333333333333,4,2,0,85,0,0
146901,-83.3333333333333,4,2,0,5,0,0
146949,-83.3333333333333,4,2,0,85,0,0
147952,-83.3333333333333,4,2,0,5,0,0
148000,-83.3333333333333,4,2,0,85,0,0
148048,-83.3333333333333,4,2,0,5,0,0
148096,-83.3333333333333,4,2,0,85,0,0
148143,-83.3333333333333,4,2,0,5,0,0
148191,-83.3333333333333,4,2,0,85,0,0
148239,-83.3333333333333,4,2,0,5,0,0
148287,-83.3333333333333,4,2,0,85,0,0
148334,-83.3333333333333,4,2,0,5,0,0
148382,-83.3333333333333,4,2,0,85,0,0
148430,-83.3333333333333,4,2,0,5,0,0
148478,-83.3333333333333,4,2,0,85,0,0
151200,-83.3333333333333,4,2,0,5,0,0
151248,-83.3333333333333,4,2,0,85,0,0
151296,-83.3333333333333,4,2,0,5,0,0
151344,-83.3333333333333,4,2,0,85,0,0
151391,-83.3333333333333,4,2,0,5,0,0
151439,-83.3333333333333,4,2,0,85,0,0
151487,-83.3333333333333,4,2,0,5,0,0
151535,-83.3333333333333,4,2,0,85,0,0
152729,-83.3333333333333,4,2,0,5,0,0
152777,-83.3333333333333,4,2,0,85,0,0
152825,-83.3333333333333,4,2,0,5,0,0
152873,-83.3333333333333,4,2,0,85,0,0
152920,-83.3333333333333,4,2,0,5,0,0
152968,-83.3333333333333,4,2,0,85,0,0
153016,-83.3333333333333,4,2,0,5,0,0
153064,-83.3333333333333,4,2,0,85,0,0
154066,-83.3333333333333,4,2,0,5,0,0
154114,-83.3333333333333,4,2,0,85,0,0
154162,-83.3333333333333,4,2,0,5,0,0
154210,-83.3333333333333,4,2,0,85,0,0
154257,-83.3333333333333,4,2,0,5,0,0
154305,-83.3333333333333,4,2,0,85,0,0
154353,-83.3333333333333,4,2,0,5,0,0
154401,-83.3333333333333,4,2,0,85,0,0
154449,-83.3333333333333,4,2,0,5,0,0
154497,-83.3333333333333,4,2,0,85,0,0
154545,-83.3333333333333,4,2,0,5,0,0
154592,-83.3333333333333,4,2,0,85,0,0
155023,-83.3333333333333,4,2,0,5,0,0
155070,-83.3333333333333,4,2,0,85,0,0
155118,-83.3333333333333,4,2,0,5,0,0
155166,-83.3333333333333,4,2,0,85,0,0
155214,-83.3333333333333,4,2,0,5,0,0
155261,-83.3333333333333,4,2,0,85,0,0
155309,-83.3333333333333,4,2,0,5,0,0
155357,-83.3333333333333,4,2,0,85,0,0
155787,-83.3333333333333,4,2,0,5,0,0
155834,-83.3333333333333,4,2,0,85,0,0
155882,-83.3333333333333,4,2,0,5,0,0
155930,-83.3333333333333,4,2,0,85,0,0
155978,-83.3333333333333,4,2,0,5,0,0
156026,-83.3333333333333,4,2,0,85,0,0
156074,-83.3333333333333,4,2,0,5,0,0
156121,-83.3333333333333,4,2,0,85,0,0
157316,-83.3333333333333,4,2,0,5,0,0
157363,-83.3333333333333,4,2,0,85,0,0
157411,-83.3333333333333,4,2,0,5,0,0
157459,-83.3333333333333,4,2,0,85,0,0
157507,-83.3333333333333,4,2,0,5,0,0
157554,-83.3333333333333,4,2,0,85,0,0
157602,-83.3333333333333,4,2,0,5,0,0
157650,-83.3333333333333,4,2,0,85,0,0
158844,-83.3333333333333,4,2,0,5,0,0
158892,-83.3333333333333,4,2,0,85,0,0
158940,-83.3333333333333,4,2,0,5,0,0
158987,-83.3333333333333,4,2,0,85,0,0
159035,-83.3333333333333,4,2,0,5,0,0
159083,-83.3333333333333,4,2,0,85,0,0
159131,-83.3333333333333,4,2,0,5,0,0
159178,-83.3333333333333,4,2,0,85,0,0
160182,-83.3333333333333,4,2,0,5,0,0
160229,-83.3333333333333,4,2,0,85,0,0
160277,-83.3333333333333,4,2,0,5,0,0
160325,-83.3333333333333,4,2,0,85,0,0
160373,-83.3333333333333,4,2,0,5,0,0
160420,-83.3333333333333,4,2,0,85,0,0
160468,-83.3333333333333,4,2,0,5,0,0
160516,-83.3333333333333,4,2,0,85,0,0
160564,-83.3333333333333,4,2,0,5,0,0
160612,-83.3333333333333,4,2,0,85,0,0
160660,-83.3333333333333,4,2,0,5,0,0
160707,-83.3333333333333,4,2,0,70,0,0
161854,-83.3333333333333,4,2,0,60,0,0
162236,-83.3333333333333,4,2,0,70,0,0
163764,-55.5555555555556,4,2,0,80,0,0
164147,-55.5555555555556,4,2,0,70,0,0
164529,-55.5555555555556,4,2,0,80,0,0
165293,-55.5555555555556,4,2,0,70,0,0
166822,-55.5555555555556,4,2,0,80,0,0
167204,-55.5555555555556,4,2,0,70,0,0
167586,-55.5555555555556,4,2,0,65,0,0
167968,-55.5555555555556,4,2,0,60,0,0
168350,-55.5555555555556,4,2,0,70,0,0
169879,-55.5555555555556,4,2,0,80,0,0
170261,-55.5555555555556,4,2,0,70,0,0
170643,-55.5555555555556,4,2,0,80,0,0
171408,-55.5555555555556,4,2,0,70,0,0
172554,-55.5555555555556,4,2,0,85,0,0
172936,-83.3333333333333,4,2,0,85,0,0
174465,-55.5555555555556,4,2,0,70,0,0
174608,-55.5555555555556,4,2,0,5,0,0
174656,-55.5555555555556,4,2,0,70,0,0
174990,-55.5555555555556,4,2,0,5,0,0
175038,-55.5555555555556,4,2,0,70,0,0
175182,-55.5555555555556,4,2,0,5,0,0
175229,-55.5555555555556,4,2,0,70,0,0
175946,-55.5555555555556,4,2,0,5,0,0
175994,-55.5555555555556,4,2,0,70,0,0
176137,-55.5555555555556,4,2,0,5,0,0
176185,-55.5555555555556,4,2,0,70,0,0
176519,-55.5555555555556,4,2,0,5,0,0
176567,-55.5555555555556,4,2,0,70,0,0
176901,-55.5555555555556,4,2,0,5,0,0
176949,-55.5555555555556,4,2,0,70,0,0
177666,-55.5555555555556,4,2,0,5,0,0
177713,-55.5555555555556,4,2,0,70,0,0
178048,-55.5555555555556,4,2,0,5,0,0
178096,-55.5555555555556,4,2,0,70,0,0
179194,-55.5555555555556,4,2,0,5,0,0
179242,-55.5555555555556,4,2,0,70,0,0
179576,-55.5555555555556,4,2,0,5,0,0
179624,-55.5555555555556,4,2,0,70,0,0
180723,-55.5555555555556,4,2,0,5,0,0
180771,-55.5555555555556,4,2,0,70,0,0
181487,-55.5555555555556,4,2,0,5,0,0
181535,-55.5555555555556,4,2,0,70,0,0
182061,-55.5555555555556,4,2,0,5,0,0
182108,-55.5555555555556,4,2,0,70,0,0
182252,-55.5555555555556,4,2,0,5,0,0
182299,-55.5555555555556,4,2,0,70,0,0
182634,-55.5555555555556,4,2,0,5,0,0
182682,-55.5555555555556,4,2,0,70,0,0
183016,-55.5555555555556,4,2,0,5,0,0
183064,-55.5555555555556,4,2,0,70,0,0
183398,-55.5555555555556,4,2,0,5,0,0
183446,-55.5555555555556,4,2,0,70,0,0
183780,-55.5555555555556,4,2,0,5,0,0
183828,-55.5555555555556,4,2,0,70,0,0
186312,-55.5555555555556,4,2,0,5,0,0
186503,-55.5555555555556,4,2,0,70,0,0
186599,-55.5555555555556,4,2,0,5,0,0
186694,-55.5555555555556,4,2,0,70,0,0
187459,-55.5555555555556,4,2,0,5,0,0


[HitObjects]
256,192,9752,12,0,10707,0:0:0:0:
358,119,10898,5,8,0:3:0:0:
357,122,10993,1,4,0:3:0:0:
356,126,11089,1,4,0:3:0:0:
356,130,11184,1,4,0:3:0:0:
355,134,11280,1,8,0:3:0:0:
355,138,11375,1,4,0:3:0:0:
354,142,11471,1,4,0:3:0:0:
353,146,11566,1,4,0:3:0:0:
353,150,11662,1,8,0:3:0:0:
352,154,11757,1,4,0:3:0:0:
352,157,11853,1,4,0:3:0:0:
351,161,11948,1,4,0:3:0:0:
351,165,12044,1,8,0:3:0:0:
350,169,12140,1,4,0:3:0:0:
350,174,12236,2,0,L|394:169,1,41.9999987182618,0|0,1:0|1:0,0:0:0:0:
506,160,12427,6,2,B|468:177|468:177|457:201|457:201|423:214,1,105.000004005432,4|0,1:0|1:0,1:0:0:0:
348,239,12713,2,0,P|364:281|373:343,1,105.000004005432,4|0,0:3|0:0,0:0:0:0:
283,308,13000,5,4,1:2:0:0:
286,302,13096,1,0,0:0:0:0:
287,295,13191,2,0,P|231:265|188:281,1,105.000004005432,4|0,0:3|1:0,0:0:0:0:
144,364,13478,2,0,B|170:371|190:388|190:388|203:367|229:353,1,105.000004005432,4|4,0:3|0:3,0:0:0:0:
107,238,13764,2,0,P|115:272|119:295,1,52.5000020027161,2|0,1:2|0:0,0:0:0:0:
190,177,13955,5,4,0:3:0:0:
0,163,14147,2,0,P|29:172|52:183,1,52.5000020027161,0|4,1:0|0:3,0:0:0:0:
182,96,14338,2,0,P|151:108|130:120,1,52.5000020027161,4|0,0:3|0:0,0:0:0:0:
59,88,14529,1,0,1:0:0:0:
60,98,14624,1,0,0:0:0:0:
61,108,14720,1,4,0:3:0:0:
254,128,14911,2,0,P|264:97|277:68,1,52.5000020027161,0|0,1:0|0:0,0:0:0:0:
173,17,15102,2,0,P|179:46|181:72,1,52.5000020027161,0|4,0:0|0:3,0:0:0:0:
245,150,15293,6,2,B|308:131|287:163|355:146,1,105.000004005432,6|4,1:2|0:1,1:0:0:0:
429,112,15580,1,0,0:0:0:0:
429,102,15675,2,2,P|406:66|342:77,1,105.000004005432,4|4,1:2|0:3,3:0:0:0:
381,230,16057,1,0,1:0:0:0:
384,220,16152,1,4,0:3:0:0:
387,210,16248,2,2,P|375:179|363:163,1,52.5000020027161,4|0,0:3|0:0,0:1:0:0:
270,223,16440,2,2,P|258:254|256:273,1,52.5000020027161,0|4,1:0|0:3,0:1:0:0:
136,229,16631,5,0,0:0:0:0:
136,239,16726,1,4,0:3:0:0:
135,249,16822,1,2,1:2:0:0:
200,367,17013,6,2,P|190:336|188:313,1,52.5000020027161,4|0,0:3|0:0,0:1:0:0:
178,122,17204,2,2,B|196:143|196:143|192:168,1,52.5000020027161,0|4,1:0|0:3,0:1:0:0:
64,343,17395,2,2,P|86:327|119:328,1,52.5000020027161,4|0,0:3|0:0,0:1:0:0:
297,313,17586,5,2,1:0:0:0:
297,313,17682,1,4,0:3:0:0:
297,313,17777,2,0,P|291:343|287:366,1,52.5000020027161,4|0,0:3|0:0,0:0:0:0:
348,147,17968,1,0,1:0:0:0:
404,306,18159,1,4,1:2:0:0:
321,225,18350,1,4,1:2:0:0:
475,93,18541,6,0,B|467:139|467:139|475:161|475:161|468:195,1,105.000004005432,4|0,1:0|1:0,0:0:0:0:
395,168,18828,1,4,0:3:0:0:
395,168,18924,2,0,P|364:156|337:138,1,52.5000020027161,4|0,0:3|0:0,0:0:0:0:
330,31,19115,2,0,P|297:31|272:49,1,52.5000020027161,0|0,1:0|0:0,0:0:0:0:
163,169,19306,6,0,B|193:173|222:151|209:152|232:132|258:133,1,105.000004005432,4|0,0:3|1:0,0:0:0:0:
164,93,19592,2,0,P|117:70|107:16,1,105.000004005432,4|4,0:3|0:3,0:0:0:0:
253,0,19879,2,0,P|256:31|262:55,1,52.5000020027161,0|0,1:0|0:0,0:0:0:0:
333,138,20070,6,2,L|318:254,1,105.000004005432,4|0,0:3|1:0,0:1:0:0:
321,272,20357,1,4,0:3:0:0:
321,272,20452,2,0,P|348:277|385:289,1,52.5000020027161,4|0,0:3|0:0,0:0:0:0:
199,336,20643,2,0,P|167:329|148:306,1,52.5000020027161,0|4,1:0|0:3,0:0:0:0:
227,217,20834,5,4,0:3:0:0:
292,355,21026,1,0,1:0:0:0:
292,355,21121,1,4,0:3:0:0:
153,315,21312,1,4,0:3:0:0:
153,315,21408,1,0,1:0:0:0:
321,272,21599,6,2,P|377:283|442:294,1,105.000004005432,4|4,1:0|1:2,0:1:0:0:
454,297,21885,1,0,0:0:0:0:
454,297,21981,1,4,0:3:0:0:
415,143,22172,1,4,1:2:0:0:
410,130,22267,1,4,0:3:0:0:
405,118,22363,2,0,P|376:119|352:128,1,52.5000020027161,2|0,1:3|0:0,0:0:0:0:
266,178,22554,1,4,1:2:0:0:
266,178,22650,2,0,P|232:177|207:156,1,52.5000020027161
145,43,22841,1,0,0:0:0:0:
145,43,22936,2,2,P|165:57|176:88,1,52.5000020027161,4|0,1:2|0:0,0:1:0:0:
88,154,23127,6,0,P|82:179|80:205,1,52.5000020027161,4|0,1:0|0:0,0:0:0:0:
134,259,23319,5,0,1:0:0:0:
158,269,23414,1,0,1:0:0:0:
175,289,23510,1,4,1:3:0:0:
182,316,23605,1,0,1:0:0:0:
176,342,23701,1,0,1:0:0:0:
160,363,23796,1,0,0:0:0:0:
136,372,23892,2,0,P|105:377|77:369,1,52.5000020027161,4|0,1:0|0:0,0:0:0:0:
60,363,24083,5,0,1:0:0:0:
42,342,24178,1,0,1:0:0:0:
33,316,24274,1,4,1:3:0:0:
37,289,24369,1,0,1:0:0:0:
50,265,24465,1,4,1:3:0:0:
61,240,24560,1,4,1:3:0:0:
69,215,24656,2,2,P|59:181|42:158,1,52.5000020027161,6|0,1:0|0:0,0:1:0:0:
176,77,24847,5,0,1:0:0:0:
176,77,24943,1,4,0:3:0:0:
176,77,25038,2,0,P|173:103|167:130,1,52.5000020027161,4|0,0:3|0:0,0:0:0:0:
144,216,25229,2,0,P|156:189|185:167,1,52.5000020027161,0|4,1:0|0:3,0:0:0:0:
274,188,25420,6,2,P|328:184|381:177,1,105.000004005432,4|0,0:3|1:0,0:1:0:0:
413,96,25707,2,0,P|376:91|321:131,1,105.000004005432,4|0,0:3|0:0,0:0:0:0:
468,176,25994,1,0,1:0:0:0:
468,176,26089,1,0,0:0:0:0:
468,176,26185,2,2,P|474:151|483:119,1,52.5000020027161,4|0,0:3|0:0,0:1:0:0:
393,30,26376,2,0,P|406:61|412:91,1,52.5000020027161,0|4,1:0|0:3,0:0:0:0:
322,127,26567,2,2,P|313:94|324:66,1,52.5000020027161,4|0,0:3|0:0,0:1:0:0:
416,251,26758,5,0,1:0:0:0:
416,251,26854,1,0,0:0:0:0:
416,251,26949,2,0,P|424:303|431:366,1,105.000004005432,4|0,0:3|1:0,0:0:0:0:
344,305,27236,2,0,P|312:301|259:352,1,105.000004005432,4|4,0:3|0:3,0:0:0:0:
206,270,27522,2,0,P|174:265|150:254,1,52.5000020027161,0|0,1:0|0:0,0:0:0:0:
22,372,27713,6,0,B|64:364|64:364|80:347|80:347|118:341,1,105.000004005432,4|0,1:2|1:0,0:0:0:0:
206,270,28000,1,4,0:3:0:0:
206,270,28096,2,2,P|192:303|189:326,1,52.5000020027161,0|0,1:0|0:0,0:1:0:0:
336,384,28287,1,0,1:0:0:0:
336,384,28382,1,4,0:3:0:0:
336,384,28478,2,0,P|323:327|313:271,1,105.000004005432,4|0,0:3|1:0,0:0:0:0:
413,226,28764,1,0,0:0:0:0:
413,226,28860,2,0,P|421:256|412:284,1,52.5000020027161,0|4,0:0|0:3,0:0:0:0:
291,206,29051,2,2,P|276:171|266:154,1,52.5000020027161,0|0,1:0|0:0,0:1:0:0:
390,84,29242,6,0,P|434:89|475:136,1,105.000004005432,4|0,0:3|1:0,0:0:0:0:
354,156,29529,1,4,0:3:0:0:
354,156,29624,2,0,P|356:124|355:92,1,52.5000020027161,4|0,0:3|0:0,0:0:0:0:
249,28,29815,2,0,P|255:58|265:88,1,52.5000020027161,0|4,1:0|0:3,0:0:0:0:
186,141,30006,6,2,B|168:144|168:144|151:136,3,35.0000013351441,4|4|4|0,3:0|3:0|3:0|1:0,0:1:0:0:
78,102,30293,5,4,0:3:0:0:
102,101,30389,2,0,B|131:145|131:145|110:201,1,105.000004005432,0|4,0:0|1:2,0:0:0:0:
113,277,30675,1,0,0:0:0:0:
113,277,30771,2,2,P|161:288|225:307,1,105.000004005432,4|0,1:0|1:0,0:1:0:0:
243,317,31057,1,4,0:3:0:0:
243,317,31153,2,0,P|239:281|240:252,1,52.5000020027161,4|0,0:3|0:0,0:0:0:0:
299,181,31344,5,0,1:0:0:0:
294,193,31439,1,4,0:3:0:0:
291,206,31535,2,0,P|220:181|183:172,1,105.000004005432,4|0,0:3|1:0,0:0:0:0:
94,141,31822,2,0,P|112:109|177:100,1,105.000004005432,0|4,0:3|0:3,0:0:0:0:
282,70,32108,2,0,P|256:100|249:120,1,52.5000020027161,0|0,1:0|0:0,0:0:0:0:
350,245,32299,6,0,P|339:182|332:129,1,105.000004005432,4|0,0:3|1:0,0:0:0:0:
379,60,32586,1,4,0:3:0:0:
379,60,32682,2,2,P|370:87|365:116,1,52.5000020027161,4|0,0:3|0:0,0:1:0:0:
443,225,32873,2,2,P|431:196|414:181,1,52.5000020027161,0|4,1:0|0:3,0:1:0:0:
305,270,33064,6,0,B|328:261|328:261|358:270,1,52.5000020027161,4|0,1:0|0:0,0:0:0:0:
490,345,33255,2,0,B|463:352|463:352|440:343,1,52.5000020027161,0|0,1:0|0:0,0:0:0:0:
244,362,33446,1,4,0:3:0:0:
244,362,33541,1,4,0:3:0:0:
244,362,33637,2,0,P|273:356|316:352,1,52.5000020027161,0|0,1:0|0:0,0:0:0:0:
368,349,33828,1,4,1:0:0:0:
193,239,34019,5,0,1:0:0:0:
193,239,34115,1,4,0:3:0:0:
193,239,34210,2,0,L|185:297,1,52.5000020027161,4|0,0:3|0:0,0:0:0:0:
278,215,34401,5,0,1:0:0:0:
278,215,34497,1,0,0:0:0:0:
278,215,34592,2,0,L|270:273,1,52.5000020027161,4|0,0:3|0:0,0:0:0:0:
106,257,34783,5,0,1:0:0:0:
106,257,34879,2,0,L|98:204,1,52.5000020027161,4|4,0:3|0:3,0:0:0:0:
21,233,35070,5,0,0:0:0:0:
21,233,35166,2,0,L|13:180,1,52.5000020027161,0|0,1:0|0:0,0:0:0:0:
111,40,35357,6,0,P|110:68|100:94,1,52.5000020027161,4|0,1:0|0:0,0:0:0:0:
91,115,35548,5,0,1:0:0:0:
112,101,35643,1,0,1:0:0:0:
138,99,35739,1,0,0:0:0:0:
161,108,35834,1,0,1:0:0:0:
178,127,35930,2,0,P|191:147|214:162,1,52.5000020027161,0|0,1:0|0:0,0:0:0:0:
370,100,36121,5,0,1:0:0:0:
363,98,36216,1,8,0:3:0:0:
357,96,36312,1,8,0:3:0:0:
350,96,36407,1,8,0:3:0:0:
344,95,36503,1,4,0:3:0:0:
337,96,36598,1,8,0:3:0:0:
331,97,36694,2,0,P|301:104|278:118,1,52.5000020027161,4|4,0:3|0:3,0:0:0:0:
320,206,36885,6,0,P|352:194|393:187,1,62.9999980773926,4|0,0:1|0:0,0:0:0:0:
464,180,37076,1,2,1:2:0:0:
389,278,37268,2,0,P|370:309|359:338,1,62.9999980773926,2|0,3:0|0:0,0:0:0:0:
474,185,37459,1,10,1:2:0:0:
474,384,37650,6,0,P|470:352|468:316,1,62.9999980773926,2|0,3:0|0:0,0:0:0:0:
292,297,37841,1,2,1:2:0:0:
292,297,37936,2,0,P|304:332|311:367,1,62.9999980773926,2|0,3:0|0:0,0:0:0:0:
168,322,38127,1,0,3:0:0:0:
168,322,38223,2,0,P|173:282|192:263,1,62.9999980773926,2|0,1:2|0:0,0:0:0:0:
303,153,38414,6,0,P|278:177|246:184,1,62.9999980773926,4|0,3:2|0:0,0:0:0:0:
174,164,38605,1,10,1:2:0:0:
260,87,38796,2,0,L|310:49,1,62.9999980773926,4|0,3:2|0:0,0:0:0:0:
161,164,38987,1,10,1:2:0:0:
201,0,39178,6,0,P|190:30|181:63,1,62.9999980773926,2|0,3:2|0:0,0:0:0:0:
70,113,39369,1,10,1:2:0:0:
105,274,39561,1,2,0:0:0:0:
76,286,39656,1,0,1:0:0:0:
45,282,39752,1,10,1:2:0:0:
20,264,39847,1,0,0:0:0:0:
8,235,39943,6,0,L|76:242,1,62.9999980773926,6|0,3:0|0:0,0:0:0:0:
178,252,40134,1,10,1:2:0:0:
60,317,40325,2,0,L|-9:339,1,62.9999980773926,6|0,3:0|0:0,0:0:0:0:
188,267,40516,1,10,1:2:0:0:
149,384,40707,6,0,B|133:357|133:357|141:324,1,62.9999980773926,4|0,1:2|0:0,0:0:0:0:
274,244,40898,1,10,1:2:0:0:
274,244,40994,2,0,P|263:284|258:313,1,62.9999980773926,0|2,3:0|0:0,0:0:0:0:
362,384,41185,1,0,3:0:0:0:
362,384,41280,2,0,P|354:348|349:317,1,62.9999980773926,10|0,1:2|0:0,0:0:0:0:
407,251,41471,6,0,P|367:247|345:226,1,62.9999980773926,6|0,3:0|0:0,0:0:0:0:
319,158,41662,1,10,1:2:0:0:
414,173,41854,2,0,P|452:166|471:149,1,62.9999980773926,6|0,3:0|0:0,0:0:0:0:
311,145,42045,1,10,1:2:0:0:
437,34,42236,6,0,P|437:66|420:95,1,62.9999980773926,4|0,1:2|0:0,0:0:0:0:
304,130,42427,1,10,1:2:0:0:
247,270,42618,2,0,P|242:234|237:204,1,62.9999980773926,4|0,1:2|0:0,0:0:0:0:
206,79,42809,1,10,1:2:0:0:
274,54,43000,6,0,P|247:79|208:83,1,62.9999980773926,4|0,1:0|0:0,0:0:0:0:
140,53,43191,1,10,1:2:0:0:
119,159,43382,2,0,P|121:190|137:217,1,62.9999980773926,2|0,3:0|0:0,0:0:0:0:
151,39,43573,1,2,1:2:0:0:
0,160,43764,6,0,P|9:130|32:109,1,62.9999980773926,2|0,3:0|0:0,0:0:0:0:
62,280,43955,1,10,1:2:0:0:
62,280,44051,2,0,P|54:244|49:210,1,62.9999980773926,4|0,3:0|0:0,0:0:0:0:
154,199,44242,1,4,3:0:0:0:
154,199,44338,2,0,P|145:233|140:264,1,62.9999980773926,10|0,1:2|0:0,0:0:0:0:
257,322,44529,6,0,L|181:335,1,62.9999980773926,4|0,0:0|0:0,0:0:0:0:
118,343,44720,1,10,1:2:0:0:
222,243,44911,2,0,L|275:194,1,62.9999980773926,4|0,0:0|0:0,0:0:0:0:
103,338,45102,1,10,1:2:0:0:
167,137,45293,6,0,L|153:202,1,62.9999980773926,4|0,0:0|0:0,0:0:0:0:
287,199,45484,2,0,P|277:153|259:136,1,62.9999980773926,10|0,1:2|3:0,0:0:0:0:
347,90,45675,1,2,0:0:0:0:
378,94,45770,1,0,3:0:0:0:
409,99,45866,1,10,1:2:0:0:
440,103,45961,1,0,0:0:0:0:
471,108,46057,6,0,P|477:142|480:172,1,62.9999980773926,12|0,3:0|0:0,0:0:0:0:
461,307,46248,1,8,1:2:0:0:
461,307,46343,1,8,1:2:0:0:
461,307,46440,2,0,P|472:264|474:229,1,62.9999980773926,12|0,3:0|0:0,0:0:0:0:
341,266,46631,1,8,1:2:0:0:
341,266,46726,1,8,1:2:0:0:
341,266,46822,6,0,P|344:301|368:325,1,62.9999980773926,6|0,3:0|0:0,0:0:0:0:
402,174,47013,2,0,P|364:180|331:183,1,62.9999980773926,8|8,1:2|1:2,0:0:0:0:
283,129,47204,2,0,P|243:110|212:115,1,62.9999980773926,6|0,3:0|0:0,0:0:0:0:
172,197,47395,1,8,1:2:0:0:
172,197,47490,1,8,1:2:0:0:
172,197,47586,6,0,P|211:188|249:183,1,62.9999980773926,6|0,3:0|0:0,0:0:0:0:
173,54,47777,1,8,1:2:0:0:
173,54,47873,1,8,1:2:0:0:
173,54,47968,2,0,P|151:84|148:111,1,62.9999980773926,6|0,3:0|0:0,0:0:0:0:
306,33,48159,1,8,1:2:0:0:
306,33,48255,1,8,1:2:0:0:
306,33,48350,2,0,P|269:28|244:39,1,62.9999980773926,6|0,3:0|0:0,0:0:0:0:
403,160,48541,5,8,1:2:0:0:
406,152,48636,1,0,0:0:0:0:
407,145,48733,5,2,3:0:0:0:
406,168,48828,1,8,1:2:0:0:
406,192,48924,1,8,1:2:0:0:
407,215,49019,1,8,1:2:0:0:
409,238,49115,1,10,1:2:0:0:
409,238,50070,5,0,3:0:0:0:
264,193,50261,2,0,P|235:192|200:228,1,78.7500030040742,8|0,1:0|0:0,0:0:0:0:
263,273,50643,6,0,B|257:196|257:196|272:167|272:167|267:88,1,188.999994232178,4|0,1:0|0:0,0:0:0:0:
133,148,51026,2,0,P|169:155|200:148,1,62.9999980773926,0|0,1:3|0:0,0:0:0:0:
166,73,51217,1,0,0:0:0:0:
25,138,51408,5,0,1:3:0:0:
127,227,51599,2,0,B|117:290|117:290|114:297|114:297|104:357,2,125.999996154785,0|0|0,1:3|1:3|1:3,0:0:0:0:
356,186,52172,6,0,B|389:189|416:178|416:178|392:199|383:237,1,125.999996154785,2|0,1:0|0:0,0:1:0:0:
224,194,52554,2,0,B|227:160|216:133|216:133|237:157|275:166,1,125.999996154785,2|0,1:0|0:0,0:1:0:0:
232,326,52936,2,0,B|198:322|171:333|171:333|195:312|202:278,1,125.999996154785,2|0,1:0|0:0,0:1:0:0:
364,318,53319,2,0,B|360:351|371:378|371:378|350:354|315:345,1,125.999996154785,2|0,1:0|0:0,0:0:0:0:
475,217,53701,6,0,P|462:254|445:339,1,125.999996154785,4|0,1:0|0:0,0:0:0:0:
353,107,54083,2,0,P|364:139|370:171,1,62.9999980773926,0|0,1:0|0:0,0:0:0:0:
379,255,54274,1,0,1:0:0:0:
285,166,54465,5,4,1:0:0:0:
324,35,54656,2,0,B|264:26|264:26|257:22|257:22|196:13,2,125.999996154785,0|0|2,0:0|1:0|0:0,0:0:0:0:
481,66,55229,5,0,1:0:0:0:
483,79,55420,1,0,0:0:0:0:
371,154,55612,5,4,1:2:0:0:
369,167,55803,2,0,L|365:198,1,26.2500010013581
470,237,55994,5,4,1:2:0:0:
450,212,56089,1,0,0:0:0:0:
421,200,56185,1,0,0:0:0:0:
390,202,56280,1,0,0:0:0:0:
363,218,56376,1,4,1:2:0:0:
338,237,56471,1,0,0:0:0:0:
307,244,56567,1,0,0:0:0:0:
277,237,56662,1,0,0:0:0:0:
253,216,56758,5,4,1:0:0:0:
284,221,56853,1,0,0:0:0:0:
305,244,56949,1,0,0:0:0:0:
310,276,57044,1,0,0:0:0:0:
296,305,57140,1,2,1:3:0:0:
268,320,57235,1,0,0:0:0:0:
236,316,57331,1,0,1:0:0:0:
213,295,57426,1,0,0:0:0:0:
203,265,57522,6,0,P|199:228|194:194,1,62.9999980773926,0|0,1:0|0:0,0:0:0:0:
227,130,57713,2,0,P|223:93|218:59,1,62.9999980773926,0|0,1:0|0:0,0:0:0:0:
108,205,57905,2,0,P|112:236|116:268,1,62.9999980773926,2|0,1:3|0:0,0:0:0:0:
140,136,58096,2,0,P|136:99|131:65,1,62.9999980773926,2|2,0:0|0:0,0:0:0:0:
304,166,58287,5,2,1:0:0:0:
304,166,58382,1,0,0:0:0:0:
304,166,58478,2,0,L|372:178,1,62.9999980773926
273,70,58669,5,2,1:0:0:0:
273,70,58764,1,0,0:0:0:0:
273,70,58860,2,0,L|205:82,1,62.9999980773926
333,15,59051,5,2,1:0:0:0:
333,15,59147,1,0,0:0:0:0:
333,15,59242,2,0,P|353:54|347:80,1,62.9999980773926
219,163,59433,5,2,1:0:0:0:
219,163,59529,1,0,0:0:0:0:
219,163,59624,2,0,P|199:202|205:228,1,62.9999980773926
244,299,59815,5,4,1:2:0:0:
221,276,59910,1,0,0:0:0:0:
196,257,60006,1,0,0:0:0:0:
169,243,60101,1,0,0:0:0:0:
139,234,60197,1,4,1:2:0:0:
109,230,60292,1,0,0:0:0:0:
78,231,60388,1,0,0:0:0:0:
47,236,60483,1,0,0:0:0:0:
18,248,60580,6,2,P|31:285|37:311,1,62.9999980773926,0|0,1:0|0:0,0:1:0:0:
102,384,60771,2,2,P|108:347|121:318,1,62.9999980773926,0|0,1:0|0:0,0:1:0:0:
174,263,60962,6,2,P|184:295|210:319,1,62.9999980773926,0|0,1:0|0:0,0:1:0:0:
245,335,61153,2,2,P|271:307|294:304,1,62.9999980773926,0|0,1:0|0:0,0:1:0:0:
349,311,61344,5,4,1:0:0:0:
349,311,61440,1,0,0:0:0:0:
349,311,61535,2,0,P|356:263|363:238,1,62.9999980773926
271,174,61726,5,4,1:2:0:0:
271,174,61822,1,0,0:0:0:0:
271,174,61917,2,0,P|278:214|281:245,1,62.9999980773926
363,167,62108,5,2,1:3:0:0:
363,167,62204,1,0,0:0:0:0:
363,167,62299,2,0,P|396:173|424:199,1,62.9999980773926
248,89,62490,5,4,1:0:0:0:
248,89,62586,1,0,0:0:0:0:
248,89,62682,2,0,P|211:103|195:126,1,62.9999980773926
171,199,62873,6,0,P|169:156|154:64,1,125.999996154785,4|2,1:2|0:3,0:0:0:0:
134,0,63159,1,0,0:0:0:0:
134,0,63255,1,0,1:0:0:0:
59,86,63446,1,2,0:3:0:0:
59,86,63541,1,0,0:3:0:0:
59,86,63637,1,0,1:0:0:0:
93,167,63828,6,0,L|90:209,1,31.4999990386963,0|0,0:0|1:0,0:0:0:0:
3,274,64115,6,0,L|0:242,1,31.4999990386963,4|0,0:3|1:0,0:0:0:0:
45,375,64401,6,0,P|107:360|175:347,1,125.999996154785,0|2,1:0|0:3,0:0:0:0:
249,333,64688,1,0,0:0:0:0:
249,333,64783,1,0,1:0:0:0:
148,273,64975,1,2,0:3:0:0:
148,273,65070,1,0,0:0:0:0:
148,273,65166,1,0,1:0:0:0:
297,211,65357,6,0,L|292:246,1,31.4999990386963,0|0,0:0|1:0,0:0:0:0:
166,167,65643,6,0,L|171:199,1,31.4999990386963,4|0,0:3|1:0,0:0:0:0:
344,151,65930,6,0,L|473:143,1,125.999996154785,0|2,1:0|0:3,0:0:0:0:
498,71,66217,1,0,0:0:0:0:
498,71,66312,1,0,1:0:0:0:
416,194,66503,1,2,0:3:0:0:
416,194,66599,1,0,0:0:0:0:
416,194,66694,1,0,1:0:0:0:
512,280,66885,6,0,L|507:247,1,31.4999990386963,0|0,0:0|1:0,0:0:0:0:
395,305,67172,6,0,L|390:336,1,31.4999990386963,4|8,2:3|2:0,0:0:0:0:
496,382,67459,5,0,1:0:0:0:
473,360,67554,1,0,0:0:0:0:
443,350,67650,1,2,0:3:0:0:
412,353,67745,1,0,0:0:0:0:
385,368,67841,1,0,1:0:0:0:
356,381,67936,1,0,0:0:0:0:
325,381,68032,1,2,0:3:0:0:
297,367,68127,1,0,1:0:0:0:
277,343,68223,5,0,1:0:0:0:
283,334,68318,1,8,0:3:0:0:
292,325,68414,1,8,0:3:0:0:
302,319,68509,1,8,0:3:0:0:
313,315,68605,1,4,0:3:0:0:
324,314,68700,1,8,0:3:0:0:
336,315,68796,1,4,0:3:0:0:
347,319,68891,1,4,0:3:0:0:
357,325,68987,6,2,L|348:218,1,105.000004005432,4|0,1:0|1:0,0:1:0:0:
425,137,69274,1,4,0:3:0:0:
425,137,69369,2,0,P|419:164|415:197,1,52.5000020027161,4|0,0:3|0:0,0:0:0:0:
281,185,69561,2,2,P|298:160|326:149,1,52.5000020027161,4|0,1:2|0:0,0:1:0:0:
380,76,69752,2,0,P|432:82|484:93,1,105.000004005432,4|0,0:3|1:0,0:0:0:0:
369,1,70038,2,0,P|329:10|306:67,1,105.000004005432,4|4,0:3|0:3,0:0:0:0:
238,103,70325,1,2,1:2:0:0:
87,26,70516,6,0,P|100:83|108:136,1,105.000004005432,4|0,0:3|1:0,0:0:0:0:
61,196,70803,1,4,0:3:0:0:
61,196,70898,2,0,P|91:197|114:206,1,52.5000020027161,4|0,0:3|0:0,0:0:0:0:
85,322,71089,1,0,1:0:0:0:
85,322,71185,1,0,0:0:0:0:
85,322,71280,2,0,P|72:274|78:257,1,52.5000020027161,4|0,0:3|0:0,0:0:0:0:
205,172,71471,2,0,P|193:199|184:229,1,52.5000020027161,0|0,1:0|0:0,0:0:0:0:
175,342,71662,2,0,P|163:315|162:284,1,52.5000020027161,0|4,0:0|0:3,0:0:0:0:
261,254,71854,1,0,1:0:0:0:
326,359,72045,6,2,P|384:351|436:349,1,105.000004005432,6|0,1:2|0:0,0:1:0:0:
512,349,72331,1,4,0:1:0:0:
512,349,72427,1,0,1:0:0:0:
380,223,72618,2,0,L|373:282,1,52.5000020027161,4|4,0:3|0:3,0:0:0:0:
509,262,72809,5,6,1:2:0:0:
428,127,73000,1,0,0:0:0:0:
428,127,73096,1,4,0:3:0:0:
428,127,73191,2,0,P|399:128|373:143,1,52.5000020027161,4|0,0:3|0:0,0:0:0:0:
313,184,73382,2,2,B|288:194|288:194|263:187,1,52.5000020027161,4|0,1:2|0:0,0:1:0:0:
283,13,73573,6,0,B|289:51|289:51|278:76|278:76|282:115,1,105.000004005432,4|0,0:3|1:0,0:0:0:0:
171,174,73955,1,4,0:3:0:0:
171,174,74051,1,0,0:0:0:0:
171,174,74147,1,0,1:0:0:0:
91,61,74338,2,0,P|117:66|142:74,1,52.5000020027161,4|0,0:3|0:0,0:0:0:0:
44,150,74529,2,0,P|69:146|94:138,1,52.5000020027161,0|0,1:0|0:0,0:0:0:0:
110,267,74720,2,0,L|103:209,1,52.5000020027161,4|0,1:2|0:0,0:0:0:0:
263,187,74911,2,0,P|267:161|274:135,1,52.5000020027161,4|0,1:2|0:0,0:0:0:0:
377,297,75102,6,0,P|366:247|361:185,1,105.000004005432,4|0,1:0|1:0,0:0:0:0:
385,119,75389,2,0,P|416:126|439:190,1,105.000004005432,4|0,0:3|0:0,0:0:0:0:
455,268,75675,1,0,1:0:0:0:
456,281,75770,1,0,0:0:0:0:
457,294,75866,6,0,P|460:329|463:354,1,52.5000020027161,4|0,0:3|0:0,0:0:0:0:
299,306,76057,1,0,1:0:0:0:
299,306,76153,2,0,P|302:272|312:254,1,52.5000020027161,4|0,0:3|0:0,0:0:0:0:
226,367,76344,1,4,0:3:0:0:
226,367,76440,2,0,P|206:339|202:318,1,52.5000020027161,0|0,1:0|0:0,0:0:0:0:
245,186,76631,6,2,P|226:246|221:287,1,105.000004005432,4|0,0:3|1:0,0:1:0:0:
147,264,76917,1,4,0:3:0:0:
147,264,77013,2,2,P|142:232|134:207,1,52.5000020027161,4|0,0:3|0:0,0:1:0:0:
226,125,77204,1,0,1:0:0:0:
226,125,77299,1,4,0:3:0:0:
226,125,77395,2,0,P|245:144|251:174,1,52.5000020027161,4|0,0:3|0:0,0:0:0:0:
124,133,77586,1,0,1:0:0:0:
124,133,77682,2,0,P|139:105|147:74,1,52.5000020027161,4|0,0:3|0:0,0:0:0:0:
25,140,77873,1,4,0:3:0:0:
25,140,77969,2,0,P|34:170|50:197,1,52.5000020027161,0|0,1:0|0:0,0:0:0:0:
62,303,78159,6,2,P|90:267|148:264,1,105.000004005432,4|4,1:2|0:3,0:1:0:0:
185,355,78446,1,0,0:0:0:0:
185,355,78541,2,2,P|152:346|120:341,1,52.5000020027161,4|0,1:2|0:0,0:1:0:0:
259,268,78733,1,4,0:3:0:0:
259,268,78828,1,0,0:0:0:0:
259,268,78924,6,0,B|286:253|286:253|361:261,1,105.000004005432,2|4,1:3|1:2,0:0:0:0:
444,273,79210,2,0,P|424:296|403:332,1,52.5000020027161
319,383,79401,1,0,0:0:0:0:
319,383,79497,2,2,P|309:347|300:329,1,52.5000020027161,4|0,1:2|0:0,0:1:0:0:
184,224,79688,6,0,P|173:248|167:273,1,52.5000020027161,6|0,1:0|0:0,0:0:0:0:
363,197,79879,5,0,1:0:0:0:
336,188,79974,1,0,1:0:0:0:
318,169,80070,1,4,1:3:0:0:
312,143,80165,1,0,1:0:0:0:
321,117,80261,1,0,1:0:0:0:
341,99,80356,1,0,0:0:0:0:
367,97,80452,2,0,P|396:82|408:65,1,52.5000020027161,4|0,1:0|1:0,0:0:0:0:
422,44,80643,5,0,1:0:0:0:
396,35,80738,1,0,1:0:0:0:
369,40,80834,1,4,1:3:0:0:
348,57,80929,1,0,1:0:0:0:
338,83,81025,1,4,1:3:0:0:
343,110,81120,1,4,1:3:0:0:
357,132,81217,2,0,P|368:159|369:198,1,52.5000020027161,4|0,1:0|0:0,0:0:0:0:
241,214,81408,5,0,1:0:0:0:
241,214,81503,1,4,0:3:0:0:
241,214,81599,2,2,P|216:220|190:224,1,52.5000020027161,4|0,0:3|0:0,0:1:0:0:
384,226,81790,5,0,1:0:0:0:
384,226,81885,1,4,0:3:0:0:
384,226,81981,2,2,P|355:222|330:216,1,52.5000020027161,4|0,0:3|0:0,0:1:0:0:
441,134,82172,5,0,1:0:0:0:
441,134,82268,2,0,P|445:163|456:191,1,52.5000020027161,4|4,0:3|0:3,0:0:0:0:
440,312,82459,5,0,0:0:0:0:
440,312,82555,2,0,P|444:283|455:255,1,52.5000020027161,0|0,1:0|0:0,0:0:0:0:
340,143,82745,6,2,B|309:141|279:156|293:157|272:178|242:178,1,105.000004005432,4|0,0:3|1:0,0:1:0:0:
187,93,83032,1,4,0:3:0:0:
187,93,83127,2,0,P|217:95|241:111,1,52.5000020027161,4|0,0:3|0:0,0:0:0:0:
174,216,83319,2,2,P|165:175|157:160,1,52.5000020027161,0|0,1:0|0:0,0:1:0:0:
272,77,83510,2,2,P|249:153|242:191,1,105.000004005432,0|4,1:0|0:3,0:1:0:0:
230,274,83796,2,0,B|190:309|190:309|139:287,1,105.000004005432
53,246,84083,2,0,P|58:277|62:309,1,52.5000020027161,2|0,1:0|0:0,0:0:0:0:
238,280,84274,6,0,B|288:288|288:288|294:294|294:294|340:300,1,105.000004005432,4|0,0:3|1:0,0:0:0:0:
437,326,84561,5,0,0:0:0:0:
437,326,84656,2,0,P|451:302|459:277,1,52.5000020027161,4|0,0:3|0:0,0:0:0:0:
382,184,84847,5,0,0:0:0:0:
382,184,84943,1,0,0:0:0:0:
382,184,85038,2,2,P|386:218|387:249,1,52.5000020027161,4|0,1:2|0:0,0:1:0:0:
335,373,85229,5,0,0:0:0:0:
335,373,85325,2,0,L|331:319,1,52.5000020027161,4|0,0:3|1:0,0:0:0:0:
238,280,85516,5,0,0:0:0:0:
238,280,85612,2,0,L|241:332,1,52.5000020027161,4|0,0:2|0:0,0:0:0:0:
95,350,85803,5,4,0:3:0:0:
166,192,85994,2,2,L|155:249,1,52.5000020027161,0|0,1:0|0:0,0:1:0:0:
241,332,86185,2,0,P|245:357|254:382,1,52.5000020027161,2|4,1:0|0:3,0:0:0:0:
64,273,86376,2,0,P|73:248|79:223,1,52.5000020027161,0|0,1:0|0:0,0:0:0:0:
245,200,86567,6,2,B|292:195|292:195|298:197|298:197|349:192,1,105.000004005432,4|0,1:2|0:0,0:1:0:0:
454,184,86854,1,4,0:3:0:0:
454,184,86949,2,2,P|416:153|360:166,1,105.000004005432,4|4,1:2|0:3,0:1:0:0:
249,106,87331,6,2,B|240:155|240:155|241:161|241:161|233:215,1,105.000004005432,4|0,1:2|0:0,0:1:0:0:
133,160,87618,1,0,0:0:0:0:
133,160,87713,2,0,P|101:163|74:176,1,52.5000020027161,4|0,0:3|0:0,0:0:0:0:
0,71,87905,2,0,P|24:80|50:81,1,52.5000020027161,0|4,1:0|0:3,0:0:0:0:
264,31,88096,6,0,P|237:25|181:72,1,105.000004005432,4|0,0:3|1:0,0:0:0:0:
249,106,88382,2,0,P|293:100|366:98,1,105.000004005432,4|4,0:3|0:3,0:0:0:0:
444,98,88669,2,0,P|425:75|415:52,1,52.5000020027161,0|0,1:0|0:0,0:0:0:0:
394,232,88860,6,2,P|386:271|373:353,1,105.000004005432,4|0,1:2|1:0,0:1:0:0:
462,356,89147,1,4,0:3:0:0:
462,356,89242,2,0,L|472:304,1,52.5000020027161,4|0,1:2|0:0,0:0:0:0:
294,313,89433,2,0,L|284:365,1,52.5000020027161,0|4,1:0|0:3,0:0:0:0:
394,232,89624,2,2,L|404:180,1,52.5000020027161,4|0,1:2|0:0,0:1:0:0:
220,284,89815,5,0,1:0:0:0:
220,284,89911,1,4,0:3:0:0:
220,284,90006,2,0,L|164:268,1,52.5000020027161,4|0,1:2|0:0,0:0:0:0:
343,217,90197,2,0,L|399:233,1,52.5000020027161,0|0,1:0|0:0,0:0:0:0:
179,171,90389,6,2,L|168:58,1,105.000004005432,4|0,0:3|1:0,0:1:0:0:
90,216,90675,1,4,0:3:0:0:
90,216,90771,2,0,P|85:248|78:275,1,52.5000020027161,4|4,0:3|0:3,0:0:0:0:
95,121,90962,2,0,P|88:95|85:69,1,52.5000020027161,0|0,1:0|0:0,0:0:0:0:
200,0,91153,6,0,P|247:52|239:92,1,105.000004005432,4|0,0:3|1:0,0:0:0:0:
179,171,91440,2,0,B|223:168|223:168|241:175|241:175|286:172,1,105.000004005432,4|4,0:3|0:3,0:0:0:0:
393,231,91726,1,0,1:0:0:0:
400,242,91822,1,0,0:0:0:0:
407,253,91917,6,0,P|335:244|300:242,1,105.000004005432,4|0,1:0|1:0,0:0:0:0:
181,252,92204,1,0,1:0:0:0:
181,252,92299,2,0,P|170:276|171:307,1,52.5000020027161,0|0,0:0|1:0,0:0:0:0:
282,384,92490,2,0,P|281:357|270:334,1,52.5000020027161,0|0,1:0|0:0,0:0:0:0:
169,301,92682,5,8,0:3:0:0:
132,287,92777,1,4,0:3:0:0:
108,257,92873,1,8,0:3:0:0:
104,218,92968,1,8,0:3:0:0:
121,183,93064,2,0,P|133:154|131:126,1,52.5000020027161,8|8,0:3|0:3,0:0:0:0:
19,37,93255,2,0,P|19:63|30:86,1,52.5000020027161,4|4,0:3|0:3,0:0:0:0:
40,191,93446,6,0,L|27:255,1,62.9999980773926,4|0,0:0|0:0,0:0:0:0:
5,339,93637,1,4,1:0:0:0:
97,290,93828,2,0,P|131:281|162:279,1,62.9999980773926,2|0,3:0|0:0,0:0:0:0:
14,333,94019,1,10,1:2:0:0:
197,384,94210,6,0,P|166:371|133:368,1,62.9999980773926,2|0,3:0|0:0,0:0:0:0:
230,241,94401,1,10,1:2:0:0:
230,241,94497,2,0,P|238:266|233:309,1,62.9999980773926,0|2,3:0|3:3,0:0:0:0:
300,384,94688,1,0,3:0:0:0:
300,384,94784,2,0,P|303:356|317:324,1,62.9999980773926,10|0,1:2|0:0,0:0:0:0:
292,198,94975,6,0,P|322:202|357:215,1,62.9999980773926,4|0,0:0|0:0,0:0:0:0:
424,251,95166,1,10,1:2:0:0:
405,150,95357,2,0,P|391:120|371:98,1,62.9999980773926,4|0,0:0|0:0,0:0:0:0:
427,242,95548,1,10,1:2:0:0:
504,102,95739,6,0,P|500:136|488:166,1,62.9999980773926,4|0,0:2|0:0,0:0:0:0:
356,99,95930,1,6,3:0:0:0:
242,13,96121,1,2,0:0:0:0:
213,0,96216,1,0,0:0:0:0:
182,0,96312,1,6,1:2:0:0:
154,14,96407,1,0,0:0:0:0:
134,38,96503,6,0,P|142:73|144:109,1,62.9999980773926,6|0,3:0|0:0,0:0:0:0:
136,182,96694,1,10,1:2:0:0:
226,145,96885,2,0,P|247:121|259:92,1,62.9999980773926,6|0,3:0|0:0,0:0:0:0:
127,184,97076,1,10,1:2:0:0:
295,238,97268,6,0,P|255:239|228:234,1,62.9999980773926,2|0,3:2|0:0,0:0:0:0:
122,279,97459,1,10,1:2:0:0:
122,279,97554,2,0,P|127:310|130:342,1,62.9999980773926,0|2,3:0|0:0,0:0:0:0:
232,384,97746,1,0,3:0:0:0:
232,384,97841,2,0,P|248:350|242:317,1,62.9999980773926,10|0,1:2|0:0,0:0:0:0:
309,230,98032,6,0,P|314:269|321:303,1,62.9999980773926,6|0,3:0|0:0,0:0:0:0:
352,375,98223,1,10,1:2:0:0:
402,285,98414,2,0,P|430:260|458:246,1,62.9999980773926,0|0,1:0|1:0,0:0:0:0:
362,379,98605,1,10,1:2:0:0:
512,364,98796,6,0,B|487:346|487:346|453:349,1,62.9999980773926,4|0,1:2|0:0,0:0:0:0:
260,344,98987,2,0,P|242:317|245:280,1,62.9999980773926,10|0,1:2|0:0,0:0:0:0:
402,285,99178,2,0,L|464:274,1,62.9999980773926,4|0,0:0|0:0,0:0:0:0:
225,279,99369,2,0,P|234:248|256:225,1,62.9999980773926,10|0,1:2|0:0,0:0:0:0:
385,209,99561,6,0,P|353:199|329:173,1,62.9999980773926,4|0,1:0|0:0,0:0:0:0:
300,109,99752,1,10,1:2:0:0:
396,131,99943,2,0,P|427:129|455:115,1,62.9999980773926,2|0,3:0|0:0,0:0:0:0:
293,101,100134,1,10,1:2:0:0:
467,32,100325,6,0,B|435:25|435:25|404:40,1,62.9999980773926,2|0,3:0|0:0,0:0:0:0:
213,102,100516,1,10,1:2:0:0:
213,102,100612,2,0,P|210:63|207:32,1,62.9999980773926,0|2,0:0|3:0,0:0:0:0:
258,179,100803,1,0,0:0:0:0:
258,178,100899,2,0,P|253:215|251:240,1,62.9999980773926,8|8,1:2|1:2,0:0:0:0:
181,306,101089,6,0,P|163:278|157:243,1,62.9999980773926,4|0,0:0|0:0,0:0:0:0:
160,171,101280,1,10,1:2:0:0:
75,226,101471,2,0,P|55:259|49:289,1,62.9999980773926,4|0,0:0|0:0,0:0:0:0:
157,162,101662,1,10,1:2:0:0:
1,157,101854,6,0,P|27:143|61:139,1,62.9999980773926,4|0,0:0|0:0,0:0:0:0:
119,57,102045,1,10,1:2:0:0:
241,134,102236,1,0,1:0:0:0:
237,165,102331,1,8,1:2:0:0:
233,196,102427,1,8,1:2:0:0:
230,227,102522,1,0,0:0:0:0:
228,259,102618,6,0,P|261:254|292:252,1,62.9999980773926,6|0,3:0|0:0,0:0:0:0:
447,271,102809,1,12,1:2:0:0:
447,271,102905,1,0,0:0:0:0:
447,271,103000,2,0,P|413:287|383:284,1,62.9999980773926,6|0,3:0|1:0,0:0:0:0:
327,177,103191,1,8,1:2:0:0:
327,177,103287,1,0,0:0:0:0:
327,177,103382,6,2,P|361:180|385:194,1,62.9999980773926,12|0,1:2|0:0,0:1:0:0:
481,198,103573,2,0,P|474:157|472:131,1,62.9999980773926,0|8,0:0|1:2,0:0:0:0:
503,62,103764,2,0,P|508:31|512:0,1,62.9999980773926
378,39,103955,1,8,1:2:0:0:
378,39,104051,1,0,0:0:0:0:
378,39,104147,6,0,P|360:68|357:104,1,62.9999980773926,10|6,1:2|3:0,0:0:0:0:
263,52,104338,1,0,0:0:0:0:
263,52,104433,2,0,P|261:86|277:118,1,62.9999980773926,6|0,3:0|1:0,0:0:0:0:
169,120,104624,1,10,1:2:0:0:
169,120,104720,2,0,P|185:150|214:170,1,62.9999980773926,8|4,1:0|3:0,0:0:0:0:
296,197,104911,2,0,P|320:217|335:245,1,62.9999980773926,8|4,1:0|3:0,0:0:0:0:
223,249,105102,5,0,0:0:0:0:
231,247,105197,1,0,1:0:0:0:
238,247,105293,5,8,1:2:0:0:
214,246,105388,1,8,1:2:0:0:
190,245,105484,1,8,1:2:0:0:
167,242,105579,1,8,1:2:0:0:
144,239,105675,1,8,3:0:0:0:
144,239,106631,5,4,3:0:0:0:
204,75,106822,2,0,P|227:68|276:89,1,78.7500030040742,8|0,1:0|0:0,0:0:0:0:
227,147,107204,6,0,B|180:148|137:131|137:131|131:125|131:125|89:114|40:115,1,188.999994232178,4|0,1:0|0:0,0:0:0:0:
90,256,107586,2,0,P|100:226|92:197,1,62.9999980773926,0|0,1:0|0:0,0:0:0:0:
21,227,107777,1,0,0:0:0:0:
105,340,107968,5,0,1:0:0:0:
237,267,108159,2,0,P|289:261|366:258,2,125.999996154785,0|0|0,1:0|1:0|1:0,0:0:0:0:
317,79,108733,6,0,B|263:49|263:49|270:112,1,125.999996154785,2|0,1:0|0:0,0:1:0:0:
429,145,109115,2,0,B|460:90|460:90|397:98,1,125.999996154785,2|0,1:0|0:0,0:1:0:0:
362,257,109497,2,0,B|417:288|417:288|410:225,1,125.999996154785,2|0,1:0|0:0,0:1:0:0:
249,190,109879,2,0,B|219:245|219:245|282:238,1,125.999996154785,2|0,1:0|0:0,0:0:0:0:
154,175,110166,1,0,0:0:0:0:
167,184,110261,6,0,P|173:234|179:316,1,125.999996154785,4|0,1:0|0:0,0:0:0:0:
8,376,110643,2,0,P|10:339|27:311,1,62.9999980773926,0|0,1:0|0:0,0:0:0:0:
78,258,110834,5,0,1:0:0:0:
190,320,111026,1,4,1:0:0:0:
299,254,111217,2,0,P|365:272|449:290,2,125.999996154785,0|0|2,0:0|1:0|0:0,0:0:0:0:
187,192,111790,5,0,1:0:0:0:
187,192,111981,2,0,L|194:128,1,62.9999980773926
198,98,112172,1,4,1:2:0:0:
228,90,112267,1,0,0:0:0:0:
259,95,112363,1,0,0:0:0:0:
286,112,112458,1,0,0:0:0:0:
304,137,112554,1,4,1:2:0:0:
323,161,112649,1,0,0:0:0:0:
351,176,112745,1,0,0:0:0:0:
382,179,112840,1,0,0:0:0:0:
412,169,112936,2,0,P|437:146|448:119,3,62.9999980773926,4|0|0|0,1:2|0:0|0:0|0:0,0:0:0:0:
368,71,113319,5,4,1:0:0:0:
372,102,113414,1,0,0:0:0:0:
376,133,113510,1,0,0:0:0:0:
379,164,113605,1,0,0:0:0:0:
383,196,113701,1,2,1:3:0:0:
386,227,113796,1,0,0:0:0:0:
389,258,113892,1,0,1:0:0:0:
392,289,113987,1,0,0:0:0:0:
396,320,114083,6,0,P|359:314|333:312,1,62.9999980773926,0|0,1:0|0:0,0:0:0:0:
209,257,114274,2,0,P|240:252|272:251,1,62.9999980773926,0|0,1:0|0:0,0:0:0:0:
403,244,114465,2,0,P|434:252|464:263,1,62.9999980773926,2|0,1:3|0:0,0:0:0:0:
339,180,114656,2,0,P|307:176|276:175,1,62.9999980773926,2|2,0:0|0:0,0:0:0:0:
150,178,114847,5,2,1:0:0:0:
150,178,114943,1,0,0:0:0:0:
150,178,115038,2,0,P|137:146|142:115,1,62.9999980773926
214,74,115229,5,2,1:0:0:0:
214,74,115325,1,0,0:0:0:0:
214,74,115420,2,0,P|235:46|264:35,1,62.9999980773926
336,77,115612,5,2,1:0:0:0:
336,77,115708,1,0,0:0:0:0:
336,77,115803,2,0,P|370:81|394:101,1,62.9999980773926
394,184,115994,5,2,1:0:0:0:
394,184,116090,1,0,0:0:0:0:
394,184,116185,2,0,P|407:216|402:247,1,62.9999980773926
262,312,116376,5,4,1:2:0:0:
241,287,116471,1,0,0:0:0:0:
216,266,116567,1,0,0:0:0:0:
190,250,116662,1,0,0:0:0:0:
161,237,116758,1,4,1:2:0:0:
130,229,116853,1,0,0:0:0:0:
99,225,116949,1,0,0:0:0:0:
67,225,117044,1,0,0:0:0:0:
36,233,117140,6,2,P|52:268|56:300,1,62.9999980773926,0|0,1:0|0:0,0:1:0:0:
125,163,117331,2,2,P|121:201|112:230,1,62.9999980773926,0|0,1:0|0:0,0:1:0:0:
181,310,117522,6,2,P|190:347|188:379,1,62.9999980773926,0|0,1:0|0:0,0:1:0:0:
281,218,117713,2,2,P|273:249|258:281,1,62.9999980773926,0|0,1:0|0:0,0:1:0:0:
229,151,117905,5,4,1:0:0:0:
229,151,118000,1,0,0:0:0:0:
229,151,118096,2,0,P|264:133|295:136,1,62.9999980773926
383,99,118287,5,4,1:2:0:0:
379,114,118382,2,0,P|371:149|366:177,1,62.9999980773926
439,238,118573,5,0,0:0:0:0:
443,253,118668,2,0,P|451:288|456:316,1,62.9999980773926,4|0,1:0|0:0,0:0:0:0:
349,349,118860,2,0,P|348:315|363:283,1,62.9999980773926
243,231,119051,1,0,1:0:0:0:
247,261,119146,1,0,1:0:0:0:
252,293,119242,1,0,1:0:0:0:
255,325,119337,1,0,1:0:0:0:
259,351,119433,6,2,B|304:354|340:330|318:326|356:280|400:287,1,157.500006008148,4|0,0:3|0:0,1:0:0:0:
506,373,119815,2,2,B|520:377|525:388|525:388|461:358|396:360,1,157.500006008148,0|0,1:0|0:0,1:0:0:0:
259,351,120197,2,2,P|256:308|248:288,1,52.5000020027161,4|0,0:3|0:0,1:0:0:0:
328,265,120389,2,2,P|327:238|333:213,1,52.5000020027161,0|0,0:0|0:0,1:0:0:0:
199,220,120580,5,0,1:0:0:0:
176,338,120771,1,4,1:3:0:0:
328,265,120962,6,2,B|310:161|310:161|307:157|307:157|298:104,1,157.500006008148,4|0,0:3|0:0,1:0:0:0:
369,33,121344,2,0,B|392:48|392:48|383:97|380:132,1,105.000004005432,0|0,1:0|0:0,0:0:0:0:
213,128,121631,1,0,0:0:0:0:
213,128,121726,2,2,P|208:76|289:23,1,157.500006008148,8|0,0:3|0:0,1:0:0:0:
291,162,122108,2,0,L|300:102,1,52.5000020027161
232,266,122299,2,0,L|223:206,1,52.5000020027161
123,58,122490,5,4,0:3:0:0:
102,171,122682,1,2,0:0:0:0:
102,171,122777,1,2,0:3:0:0:
102,171,122873,1,0,1:0:0:0:
213,128,123064,1,0,0:0:0:0:
144,233,123255,2,2,P|91:216|41:219,2,105.000004005432,8|8|0,0:3|0:3|1:0,1:0:0:0:
176,351,123828,1,8,0:3:0:0:
41,384,124019,6,2,B|22:372|22:372|15:320|72:285|111:307,1,157.500006008148,4|0,0:3|0:0,1:0:0:0:
187,363,124401,2,0,P|216:357|244:354,1,52.5000020027161,0|0,1:0|0:0,0:0:0:0:
318,347,124592,1,0,0:0:0:0:
187,363,124783,6,2,B|175:318|200:280|206:303|242:262|235:218,1,157.500006008148,8|0,0:3|0:0,1:0:0:0:
198,147,125166,1,0,0:0:0:0:
196,133,125261,1,0,0:0:0:0:
196,120,125357,2,0,P|198:101|205:86,1,26.2500010013581
207,84,125548,5,4,1:0:0:0:
187,100,125643,1,4,0:3:0:0:
162,109,125739,1,4,0:3:0:0:
136,108,125834,1,4,0:3:0:0:
112,98,125930,2,0,P|108:61|103:41,3,52.5000020027161,10|10|10|10,0:3|0:3|0:3|0:3,0:0:0:0:
24,35,126312,5,4,1:0:0:0:
29,60,126407,1,4,0:3:0:0:
34,86,126503,1,4,0:3:0:0:
37,112,126598,1,4,0:3:0:0:
39,137,126694,2,0,L|41:196,3,52.5000020027161,14|10|14|10,0:3|0:3|0:3|0:3,0:0:0:0:
135,95,127076,5,4,0:3:0:0:
157,81,127171,1,8,3:3:0:0:
173,61,127267,1,8,0:3:0:0:
179,35,127362,1,8,0:3:0:0:
175,10,127459,2,0,P|195:15|231:19,1,52.5000020027161,0|2,1:0|0:3,0:0:0:0:
272,83,127650,2,0,P|291:80|327:71,1,52.5000020027161,8|8,0:3|0:3,0:0:0:0:
135,95,127841,6,0,P|181:104|204:113,1,52.5000020027161,4|8,0:3|0:3,0:0:0:0:
246,163,128032,2,0,P|277:172|301:183,1,52.5000020027161,8|8,0:3|0:3,0:0:0:0:
138,196,128223,5,0,1:0:0:0:
116,219,128318,1,2,0:3:0:0:
118,250,128414,1,4,0:3:0:0:
142,271,128509,1,4,0:3:0:0:
155,270,128605,5,0,0:0:0:0:
167,267,128700,1,0,0:0:0:0:
180,265,128796,1,2,0:0:0:0:
193,264,128891,1,2,0:0:0:0:
206,263,128987,5,0,1:0:0:0:
211,292,129082,1,4,0:3:0:0:
198,320,129178,1,8,0:3:0:0:
172,336,129273,1,2,0:0:0:0:
142,335,129369,1,4,0:3:0:0:
117,317,129464,1,2,0:0:0:0:
107,289,129560,1,4,0:3:0:0:
114,259,129655,1,2,0:0:0:0:
136,236,129752,2,2,P|155:199|156:180,3,52.5000020027161,0|0|0|0,1:0|0:0|0:0|0:0,1:0:0:0:
181,105,130134,5,4,0:3:0:0:
210,99,130229,1,0,0:0:0:0:
239,101,130325,1,2,0:0:0:0:
268,108,130420,1,2,0:0:0:0:
295,122,130516,1,0,1:0:0:0:
323,131,130611,1,4,0:3:0:0:
352,137,130707,1,8,0:3:0:0:
383,136,130802,1,4,0:3:0:0:
408,126,130898,1,0,1:0:0:0:
408,112,130993,1,2,0:3:0:0:
401,101,131089,1,4,0:3:0:0:
389,93,131184,1,8,0:3:0:0:
376,93,131280,6,2,L|340:97,6,26.2500010013581,0|0|0|0|0|0|0,0:3|0:3|0:3|0:3|0:3|0:3|0:3,1:0:0:0:
248,78,131662,6,0,P|257:160|260:207,1,125.999996154785,0|2,1:0|0:3,0:0:0:0:
265,289,131949,1,0,0:0:0:0:
265,289,132045,1,0,1:0:0:0:
166,213,132236,1,2,0:3:0:0:
166,213,132331,1,0,0:3:0:0:
166,213,132427,1,0,1:0:0:0:
56,289,132618,6,0,L|24:286,1,31.4999990386963,0|0,0:0|1:0,0:0:0:0:
199,382,132905,6,0,L|167:385,1,31.4999990386963,4|0,0:3|1:0,0:0:0:0:
328,286,133191,6,0,P|371:278|463:265,1,125.999996154785,0|2,1:0|0:3,0:0:0:0:
512,331,133478,1,0,0:0:0:0:
512,331,133573,1,0,1:0:0:0:
388,360,133764,1,2,0:3:0:0:
388,360,133860,1,0,0:0:0:0:
388,360,133955,1,0,1:0:0:0:
385,235,134147,6,0,L|388:193,1,31.4999990386963,0|0,0:0|1:0,0:0:0:0:
254,305,134433,6,0,L|256:336,1,31.4999990386963,4|0,0:3|1:0,0:0:0:0:
246,165,134720,6,0,P|239:71|236:35,1,125.999996154785,0|2,1:0|0:3,0:0:0:0:
160,25,135006,1,0,0:0:0:0:
160,25,135102,1,0,1:0:0:0:
144,143,135293,1,2,0:3:0:0:
144,143,135389,1,0,0:0:0:0:
144,143,135484,1,0,1:0:0:0:
285,95,135675,6,0,L|320:89,1,31.4999990386963,0|0,0:0|1:0,0:0:0:0:
187,215,135962,5,4,0:3:0:0:
188,235,136057,1,8,0:0:0:0:
190,256,136153,1,4,0:3:0:0:
191,277,136248,6,0,B|241:292|280:260|263:258|301:225|357:248,1,173.24999471283,0|0,3:0|0:0,3:0:0:0:
386,262,137395,5,0,1:3:0:0:
383,227,137490,1,0,1:3:0:0:
381,192,137586,1,0,1:3:0:0:
378,157,137681,1,0,1:3:0:0:
374,121,137777,2,0,L|371:77,3,41.9999987182618,4|0|0|0,0:3|0:0|1:0|0:0,0:0:0:0:
261,156,138159,2,0,L|263:199,3,41.9999987182618,4|0|0|0,0:3|0:0|1:0|0:0,0:0:0:0:
141,140,138541,2,0,L|138:98,3,41.9999987182618,4|0|0|0,0:3|0:0|1:0|0:0,0:0:0:0:
49,207,138924,5,2,3:1:0:0:
56,242,139019,1,2,3:1:0:0:
63,279,139115,1,2,1:1:0:0:
70,315,139210,1,2,3:1:0:0:
76,351,139306,2,0,L|125:355,3,41.9999987182618,4|0|0|0,0:3|0:0|1:0|0:0,0:0:0:0:
177,298,139688,2,0,L|226:302,3,41.9999987182618,4|0|0|0,0:3|0:0|1:0|0:0,0:0:0:0:
263,368,140070,2,0,L|312:372,1,41.9999987182618,4|0,0:3|0:0,0:0:0:0:
426,382,140261,1,0,1:0:0:0:
426,382,140357,1,0,0:0:0:0:
426,382,140452,2,0,L|419:327,3,41.9999987182618,2|2|2|2,3:1|3:1|1:1|3:1,0:0:0:0:
352,272,140834,5,4,0:3:0:0:
353,251,140929,1,0,0:0:0:0:
355,230,141025,1,0,1:0:0:0:
357,209,141120,1,0,0:0:0:0:
348,181,141217,1,4,0:3:0:0:
349,160,141312,1,0,0:0:0:0:
351,139,141408,1,0,1:0:0:0:
353,118,141503,1,8,0:3:0:0:
344,90,141599,2,0,L|348:49,1,41.9999987182618,4|0,0:3|0:0,0:0:0:0:
224,101,141790,5,2,1:1:0:0:
224,101,141885,1,2,3:1:0:0:
224,101,141981,1,2,3:1:0:0:
192,98,142076,1,2,3:1:0:0:
161,96,142172,1,2,1:1:0:0:
129,93,142267,1,2,3:1:0:0:
98,91,142363,2,0,L|56:87,3,41.9999987182618,8|0|0|0,0:3|0:0|1:0|0:0,0:0:0:0:
0,190,142745,1,2,3:1:0:0:
31,187,142840,1,2,3:1:0:0:
62,185,142936,1,2,1:1:0:0:
94,182,143031,1,2,3:1:0:0:
126,180,143127,2,0,L|167:176,3,41.9999987182618,4|0|0|0,0:3|0:0|1:0|0:0,0:0:0:0:
276,226,143510,5,4,0:3:0:0:
268,260,143606,1,4,0:3:0:0:
244,288,143701,1,0,1:0:0:0:
209,297,143797,1,0,1:0:0:0:
174,288,143892,2,0,P|142:279|119:276,3,41.9999987182618,4|0|0|0,0:3|0:0|1:0|0:0,0:0:0:0:
28,333,144274,2,0,P|51:309|65:291,3,41.9999987182618,4|0|0|0,0:3|0:0|1:0|0:0,0:0:0:0:
62,185,144656,2,0,P|70:216|79:238,3,41.9999987182618,4|0|0|0,0:3|0:0|1:0|0:0,0:0:0:0:
190,103,145038,5,2,3:1:0:0:
226,107,145133,1,2,3:1:0:0:
262,111,145229,1,2,1:1:0:0:
299,116,145324,1,2,3:1:0:0:
335,120,145420,2,0,L|378:124,3,41.9999987182618,4|0|0|0,0:3|0:0|1:0|0:0,0:0:0:0:
413,205,145803,2,0,L|371:201,3,41.9999987182618,4|0|0|0,0:3|0:0|1:0|0:0,0:0:0:0:
471,137,146185,2,0,L|512:140,1,41.9999987182618,4|0,0:3|0:0,0:0:0:0:
504,229,146376,1,0,1:0:0:0:
504,229,146471,1,0,0:0:0:0:
504,229,146567,2,0,L|496:274,3,41.9999987182618,2|2|2|2,3:1|3:1|1:1|3:1,0:0:0:0:
431,337,146949,5,4,0:3:0:0:
410,332,147044,1,0,0:0:0:0:
390,327,147140,1,0,1:0:0:0:
369,322,147235,1,0,0:0:0:0:
343,331,147331,1,8,0:3:0:0:
322,326,147426,1,0,0:0:0:0:
302,321,147522,1,0,1:0:0:0:
281,316,147617,1,8,0:3:0:0:
254,324,147713,2,0,L|205:314,1,41.9999987182618,4|0,0:3|0:0,0:0:0:0:
153,239,147905,5,2,1:1:0:0:
153,239,148000,1,2,3:1:0:0:
153,239,148096,1,2,3:1:0:0:
150,207,148191,1,2,3:1:0:0:
147,176,148287,1,2,1:1:0:0:
144,144,148382,1,2,3:1:0:0:
141,113,148478,2,0,L|135:63,1,41.9999987182618,4|0,0:3|0:0,0:0:0:0:
246,41,148669,5,0,1:0:0:0:
246,41,148764,1,0,1:0:0:0:
246,41,148860,1,4,0:3:0:0:
243,72,148955,1,8,0:3:0:0:
240,103,149051,1,4,0:3:0:0:
237,135,149146,1,4,0:3:0:0:
234,167,149242,2,0,L|228:217,1,41.9999987182618,0|0,1:0|1:0,0:0:0:0:
307,279,149433,2,0,L|301:320,1,41.9999987182618,4|8,0:3|0:3,0:0:0:0:
367,197,149624,5,4,0:3:0:0:
403,192,149719,1,4,0:3:0:0:
439,187,149815,1,8,0:3:0:0:
476,182,149910,1,8,0:3:0:0:
512,177,150006,5,4,0:0:0:0:
494,174,150101,1,0,0:0:0:0:
477,172,150197,1,0,0:0:0:0:
459,170,150292,1,0,0:0:0:0:
442,168,150388,1,12,0:0:0:0:
425,166,150483,1,0,0:0:0:0:
407,164,150579,1,0,0:0:0:0:
390,162,150674,1,0,0:0:0:0:
373,159,150771,2,0,L|327:152,3,41.9999987182618,8|0|0|0,0:3|0:0|1:0|0:0,0:0:0:0:
214,131,151153,5,2,3:1:0:0:
204,165,151248,1,2,3:1:0:0:
212,201,151344,1,2,1:1:0:0:
238,227,151439,1,2,3:1:0:0:
273,236,151535,5,4,0:0:0:0:
257,228,151630,1,0,0:0:0:0:
240,222,151726,1,0,0:0:0:0:
224,216,151821,1,0,0:0:0:0:
207,212,151917,1,12,0:0:0:0:
190,208,152012,1,0,0:0:0:0:
172,205,152108,1,0,0:0:0:0:
155,203,152203,1,0,0:0:0:0:
138,202,152299,2,0,L|92:207,1,41.9999987182618,8|0,0:3|0:0,0:0:0:0:
2,144,152490,2,0,L|43:148,1,41.9999987182618,0|0,1:0|0:0,0:0:0:0:
138,86,152682,2,0,L|96:90,3,41.9999987182618,2|2|2|2,3:1|3:1|1:1|3:1,0:0:0:0:
228,139,153064,5,4,0:0:0:0:
229,156,153159,1,0,0:0:0:0:
231,173,153255,1,8,0:3:0:0:
233,191,153350,1,4,0:3:0:0:
234,208,153446,1,0,1:0:0:0:
236,226,153541,1,0,0:0:0:0:
238,243,153637,1,4,0:3:0:0:
239,260,153732,1,4,0:3:0:0:
241,278,153828,2,0,L|245:323,3,41.9999987182618,0|0|2|2,1:0|0:0|3:1|3:1,3:0:0:0:
319,266,154210,2,0,L|363:261,1,41.9999987182618,2|2,1:1|3:1,0:0:0:0:
163,290,154401,2,0,L|119:295,1,41.9999987182618,2|2,3:1|3:1,0:0:0:0:
231,180,154592,6,0,L|227:135,3,41.9999987182618,4|0|0|0,0:3|0:0|1:0|0:0,3:0:0:0:
153,192,154974,2,0,L|109:197,1,41.9999987182618,2|2,1:1|3:1,0:0:0:0:
309,168,155165,2,0,L|353:163,1,41.9999987182618,2|2,3:1|3:1,0:0:0:0:
222,62,155357,1,4,0:3:0:0:
220,46,155452,1,0,0:0:0:0:
219,30,155548,1,0,1:0:0:0:
218,14,155643,1,0,0:0:0:0:
217,0,155739,2,0,L|170:7,1,41.9999987182618,0|0,1:0|1:0,0:0:0:0:
105,51,155930,2,0,L|58:58,1,41.9999987182618,4|4,0:3|0:3,0:0:0:0:
6,114,156121,5,12,0:0:0:0:
6,129,156216,1,0,0:0:0:0:
5,145,156312,1,0,3:0:0:0:
4,161,156407,1,8,0:3:0:0:
3,176,156503,1,8,0:0:0:0:
2,192,156598,1,0,0:0:0:0:
1,208,156694,1,0,3:0:0:0:
1,224,156789,1,8,0:3:0:0:
0,239,156885,2,0,L|45:246,3,41.9999987182618,8|0|0|0,0:0|0:0|0:0|3:0,3:0:0:0:
143,210,157268,5,2,1:1:0:0:
179,214,157363,1,2,3:1:0:0:
216,218,157459,1,2,3:1:0:0:
252,222,157554,1,2,3:1:0:0:
289,226,157650,5,12,0:0:0:0:
286,210,157745,1,0,0:0:0:0:
284,194,157841,1,0,3:0:0:0:
282,179,157936,1,8,0:3:0:0:
280,163,158032,1,8,0:0:0:0:
278,148,158127,1,0,0:0:0:0:
275,132,158223,1,0,3:0:0:0:
273,116,158318,1,8,0:3:0:0:
271,101,158414,2,0,L|264:50,3,41.9999987182618,8|0|0|0,0:0|0:0|0:0|3:0,3:0:0:0:
358,22,158796,5,2,1:1:0:0:
394,25,158891,1,2,3:1:0:0:
431,28,158987,1,2,3:1:0:0:
467,32,159082,1,2,3:1:0:0:
504,35,159178,5,4,0:0:0:0:
500,50,159273,1,0,0:0:0:0:
497,65,159369,1,8,0:3:0:0:
494,81,159464,1,4,0:3:0:0:
490,96,159560,1,0,1:0:0:0:
487,112,159655,1,0,0:0:0:0:
484,127,159751,1,4,0:3:0:0:
481,142,159846,1,4,0:3:0:0:
477,158,159943,2,0,L|467:200,3,41.9999987182618,0|0|2|2,1:0|0:0|3:1|3:1,0:0:0:0:
355,178,160325,6,0,L|360:224,1,41.9999987182618,2|2,1:1|3:1,0:0:0:0:
369,297,160516,2,0,L|374:343,1,41.9999987182618,2|2,3:1|3:1,0:0:0:0:
286,260,160707,6,0,L|254:256,4,27.9999991455078,8|8|8|4|4,0:3|0:3|0:3|0:3|0:3,0:0:0:0:
134,239,161089,2,0,L|166:243,4,27.9999991455078,8|8|8|4|4,0:3|0:3|0:3|0:3|0:3,0:0:0:0:
199,325,161471,6,0,L|203:293,4,27.9999991455078,8|8|8|4|4,0:3|0:3|0:3|0:3|0:3,0:0:0:0:
220,173,161853,2,0,L|216:205,5,27.9999991455078,8|8|4|4|4|4,0:3|0:3|0:3|0:3|0:3|0:3,0:0:0:0:
234,95,162236,5,4,0:0:0:0:
142,108,172936,6,2,P|153:175|154:196,1,83.9999974365235,4|0,1:0|0:0,0:1:0:0:
370,276,173319,5,8,0:0:0:0:
370,276,173510,2,2,P|361:234|358:193,1,83.9999974365235,4|0,1:0|0:0,0:1:0:0:
428,72,173892,1,8,0:0:0:0:
428,72,174083,2,2,P|378:66|333:56,1,83.9999974365235,4|0,1:0|1:0,0:1:0:0:
250,33,174369,1,0,0:0:0:0:
250,33,174465,6,0,P|244:61|255:95,1,62.9999980773926,4|0,1:0|0:0,0:0:0:0:
320,132,174656,1,10,1:2:0:0:
203,157,174847,2,0,P|167:154|140:148,1,62.9999980773926,2|0,3:0|0:0,0:0:0:0:
317,146,175038,1,10,1:2:0:0:
185,266,175229,6,0,P|217:245|238:226,1,62.9999980773926,2|0,3:0|0:0,0:0:0:0:
93,216,175420,1,10,1:2:0:0:
93,216,175516,2,0,P|101:255|106:286,1,62.9999980773926,4|2,3:0|0:0,0:0:0:0:
255,323,175707,1,4,3:0:0:0:
255,323,175803,2,0,P|246:362|242:393,1,62.9999980773926,10|0,1:2|0:0,0:0:0:0:
370,343,175994,6,0,L|364:276,1,62.9999980773926,4|0,1:2|0:0,0:0:0:0:
357,201,176185,1,2,1:2:0:0:
434,248,176376,2,0,P|464:250|501:240,1,62.9999980773926,4|0,1:2|0:0,0:0:0:0:
361,192,176567,1,10,1:2:0:0:
494,120,176758,6,0,P|475:151|448:166,1,62.9999980773926,4|0,1:2|0:0,0:0:0:0:
378,74,176949,1,10,1:2:0:0:
266,147,177140,1,2,3:0:0:0:
264,115,177235,1,0,3:0:0:0:
262,84,177331,1,10,1:2:0:0:
260,52,177426,1,0,0:0:0:0:
257,21,177522,6,0,P|223:21|193:32,1,62.9999980773926,6|0,3:0|0:0,0:0:0:0:
137,87,177713,1,10,1:2:0:0:
52,68,177905,2,0,P|27:49|16:21,1,62.9999980773926,6|0,3:0|0:0,0:0:0:0:
144,92,178096,1,10,1:2:0:0:
131,241,178287,6,0,B|120:212|120:212|127:163,1,62.9999980773926,4|0,1:2|0:0,0:0:0:0:
244,202,178478,1,10,1:2:0:0:
244,202,178573,2,0,P|237:243|232:279,1,62.9999980773926,0|2,3:0|0:0,0:0:0:0:
170,322,178764,1,0,3:0:0:0:
170,322,178859,2,0,P|177:363|182:399,1,62.9999980773926,10|0,1:2|0:0,0:0:0:0:
311,335,179051,6,0,P|278:329|245:345,1,62.9999980773926,6|0,3:0|0:0,0:0:0:0:
180,384,179242,1,10,1:2:0:0:
164,296,179433,2,0,P|158:246|165:221,1,62.9999980773926,6|0,3:0|0:0,0:0:0:0:
188,384,179624,1,10,1:2:0:0:
27,322,179815,6,0,L|95:346,1,62.9999980773926,2|0,3:0|0:0,0:0:0:0:
196,384,180006,1,10,1:2:0:0:
100,232,180197,6,0,B|130:223|130:223|159:233,1,62.9999980773926,2|0,3:0|0:0,0:0:0:0:
276,273,180389,1,12,1:2:0:0:
93,244,180580,6,0,P|82:208|88:182,1,62.9999980773926,4|0,1:0|0:0,0:0:0:0:
123,114,180771,1,10,1:2:0:0:
193,177,180962,2,0,P|230:188|261:186,1,62.9999980773926,2|0,3:0|0:0,0:0:0:0:
123,105,181153,1,10,1:2:0:0:
303,84,181344,6,0,L|230:95,1,62.9999980773926,4|0,1:2|0:0,0:0:0:0:
160,30,181535,1,10,1:2:0:0:
160,30,181631,2,0,P|108:20|88:26,1,62.9999980773926,2|0,3:0|0:0,0:0:0:0:
9,142,181822,1,0,3:0:0:0:
8,142,181918,2,0,P|39:144|68:133,1,62.9999980773926,10|0,1:2|0:0,0:0:0:0:
168,154,182108,6,0,L|160:224,1,62.9999980773926,4|0,1:2|0:0,0:0:0:0:
151,293,182299,1,10,1:2:0:0:
237,271,182490,2,0,L|244:208,1,62.9999980773926,4|0,1:2|0:0,0:0:0:0:
157,301,182682,1,2,1:2:0:0:
320,262,182873,6,0,L|313:325,1,62.9999980773926,4|0,1:0|0:0,0:0:0:0:
163,309,183064,1,10,1:2:0:0:
388,378,183255,2,0,L|396:316,1,62.9999980773926,4|0,1:0|0:0,0:0:0:0:
249,369,183446,1,2,1:2:0:0:
320,262,183637,5,4,1:0:0:0:
254,162,183828,2,0,L|251:90,1,62.9999980773926,8|8,1:2|1:2,0:0:0:0:
177,189,184019,1,0,3:0:0:0:
177,189,184115,1,8,1:2:0:0:
177,189,184210,2,0,L|179:251,1,62.9999980773926,8|0,1:2|0:0,0:0:0:0:
316,247,184401,6,0,B|368:240|368:240|379:243|379:243|441:236,1,125.999996154785,2|2,1:0|0:0,0:0:0:0:
512,223,184688,2,0,P|504:191|497:157,1,62.9999980773926
473,89,184879,1,0,3:0:0:0:
473,89,184975,2,0,P|480:58|487:27,1,62.9999980773926,8|0,1:2|0:0,0:0:0:0:
335,96,185166,6,2,P|288:98|254:166,1,125.999996154785,4|0,3:2|0:0,0:1:0:0:
329,169,185452,2,0,P|284:163|199:156,1,125.999996154785,0|0,1:2|0:0,0:0:0:0:
113,150,185739,2,2,P|131:178|136:206,1,62.9999980773926,10|0,3:0|0:0,0:1:0:0:
51,270,185930,5,0,0:0:0:0:
51,270,186026,2,0,B|42:240|42:240|54:206,1,62.9999980773926,0|0,3:0|0:0,0:0:0:0:
161,91,186217,2,0,B|139:113|139:113|38:105,1,125.999996154785,10|0,3:0|0:0,0:0:0:0:
5,6,186503,2,0,P|48:14|66:33,1,62.9999980773926,8|0,3:0|0:0,0:0:0:0:
113,150,186694,1,2,3:1:0:0:
